-90.599548
-87.984077
-83.743317
-77.163101
-65.789238
-27.596392
-22.027027
-28.480032
-55.787079
-40.615952
-24.152884
-22.879459
-34.712570
-53.451275
-61.053383
-55.280205
-39.543293
-23.916378
-23.037708
-35.489822
-53.651192
-63.501930
-70.495926
-75.954895
-80.436325
-84.242287
-87.545029
-90.462715
-93.078125
-95.437454
-97.601883
-99.593491
-101.409874
-103.139473
-104.712013
-106.271103
-107.609215
-108.982697
-110.251381
-111.422836
-112.614861
-113.684616
-114.699066
-115.757378
-116.693771
-117.514908
-118.515015
-119.281136
-120.244827
-120.758926
-121.785675
-122.407745
-123.049332
-123.688362
-124.345917
-125.020142
-125.573639
-126.187477
-126.761871
-127.443832
-127.500610
-128.202896
-128.770081
-129.087112
-129.514282
-130.126083
-130.313858
-130.949280
-131.265274
-131.958435
-131.970612
-132.285294
-133.067917
-133.012543
-133.535751
-134.023193
-134.561447
-134.535324
-134.989410
-135.386993
-135.896835
-136.055862
-136.901245
-137.218262
-137.743149
-138.287399
-138.937500
-138.712982
-139.429047
-140.343628
-139.864395
-140.657654
-140.987991
-141.273453
-141.036926
-141.367661
-141.442993
-140.816559
-141.089767
-140.973190
-139.952209
-140.165115
-138.563492
-139.179886
-138.405853
-137.421875
-137.159088
-136.581360
-136.422058
-136.497528
-135.218994
-134.697311
-134.484802
-133.438461
-133.428436
-133.336624
-132.367310
-132.122696
-131.334045
-131.589432
-131.696457
-131.092697
-130.518478
-130.197357
-130.112015
-129.852493
-129.905945
-129.353470
-128.686508
-128.324463
-128.498978
-128.184647
-127.279503
-126.810799
-126.734039
-126.997482
-126.623299
-126.689903
-126.556122
-126.248520
-125.952965
-125.429939
-125.126083
-124.891136
-124.455467
-124.710945
-124.385063
-124.177414
-124.271919
-124.546127
-124.418755
-124.160042
-123.931854
-123.329033
-123.286819
-123.171951
-122.763573
-122.299835
-121.897385
-121.748062
-121.706322
-121.938492
-122.226875
-121.504501
-121.678535
-121.649696
-121.030243
-120.841606
-120.902390
-120.662720
-120.515106
-120.345276
-120.499939
-120.511086
-120.422035
-120.422112
-120.300812
-120.216576
-120.389542
-120.777191
-120.786690
-120.279839
-119.765259
-119.445251
-119.319557
-119.664696
-119.543961
-119.402382
-119.439743
-119.307594
-119.183159
-119.288284
-119.125450
-119.055122
-119.149857
-118.890915
-118.820953
-118.542709
-118.498451
-118.634880
-118.538826
-117.857307
-117.995636
-119.194893
-118.374077
-118.126320
-118.546280
-118.594635
-118.331718
-118.852043
-118.830818
-118.433502
-118.310318
-118.169540
-118.134720
-118.332756
-117.882469
-117.524101
-117.493240
-117.799339
-117.894913
-117.571785
-118.379005
-118.640137
-118.921867
-118.640076
-117.858902
-118.243156
-118.806435
-118.870178
-118.562294
-118.638359
-118.751648
-118.698555
-118.365974
-118.663490
-118.898621
-119.023453
-118.347160
-118.742462
-119.067657
-119.434891
-119.436127
-119.078293
-119.451309
-119.489044
-119.547302
-119.326790
-119.353088
-120.060715
-119.786354
-119.623871
-120.174660
-120.081100
-120.384331
-120.490105
-120.626022
-120.455856
-120.600525
-121.068268
-121.364517
-121.409302
-121.448021
-121.296280
-121.441162
-121.841949
-122.146057
-122.466698
-122.947815
-123.152107
-123.002480
-122.953674
-123.552284
-123.551102
-123.793869
-124.848160
-125.078896
-124.423294
-124.705864
-125.322945
-125.893204
-126.003441
-126.101189
-125.999496
-126.375587
-126.311005
-126.681786
-126.199219
-125.961113
-125.816376
-125.882141
-125.625931
-125.225426
-125.380875
-124.757599
-124.253731
-123.895721
-123.499962
-123.170769
-123.224983
-122.609077
-122.556953
-122.907829
-122.067604
-121.085846
-120.650887
-120.647369
-120.372482
-119.604118
-119.501091
-119.406258
-118.871742
-118.741089
-118.383110
-117.854393
-117.072594
-116.803703
-116.887871
-116.654022
-116.598915
-116.377625
-115.443512
-115.557693
-115.285393
-115.372505
-115.348488
-114.798889
-114.258957
-114.231804
-114.136887
-114.082695
-113.279564
-113.233826
-113.077087
-113.200012
-112.884949
-112.740379
-111.988754
-111.916718
-112.392624
-112.218849
-111.519371
-110.902138
-111.062492
-110.800415
-110.392776
-110.303757
-109.985161
-109.633492
-109.881195
-109.438309
-109.114372
-109.179558
-109.512245
-109.315666
-108.945854
-108.809807
-108.537956
-108.219315
-108.575165
-108.370270
-108.290825
-107.604218
-107.657349
-107.955498
-107.038124
-106.867661
-106.869400
-106.678139
-106.812187
-106.607437
-106.680550
-106.239906
-106.303276
-106.339760
-106.055466
-106.133888
-106.287338
-106.026093
-105.764130
-105.955040
-105.416664
-105.410767
-105.448364
-104.664330
-105.182541
-105.976463
-105.532494
-105.013229
-104.971115
-104.595589
-105.154526
-104.845009
-104.115257
-104.157715
-104.087502
-104.322662
-103.722656
-104.067917
-103.995857
-103.877602
-103.802406
-103.547104
-103.479866
-103.446922
-103.410255
-103.465309
-102.825294
-102.301079
-102.892509
-102.759010
-102.766327
-103.052513
-102.978004
-102.711189
-102.791824
-102.532234
-102.155090
-102.129036
-102.258217
-102.001038
-101.872444
-101.677650
-101.814041
-102.082291
-102.061356
-102.183952
-101.813393
-101.873512
-101.787613
-101.764153
-101.626343
-101.523712
-101.151459
-101.265961
-101.112816
-101.261917
-101.259041
-101.144539
-100.883751
-100.943443
-100.726715
-100.592880
-100.675880
-100.906952
-100.794632
-100.706352
-100.664673
-100.305946
-100.656784
-101.064095
-100.641228
-100.197098
-100.471458
-100.436836
-100.045357
-100.010895
-100.354858
-100.284554
-99.824257
-99.706635
-99.696793
-99.902985
-100.179199
-99.730637
-99.284225
-99.373825
-99.189934
-99.242920
-99.568680
-99.452171
-99.432579
-99.950508
-100.000633
-99.491020
-99.581345
-99.684059
-99.642654
-99.799065
-99.651436
-99.850502
-99.777405
-99.312820
-99.151276
-99.206749
-99.535034
-99.711388
-99.631821
-99.835373
-99.463692
-99.327347
-99.165070
-99.443741
-99.611526
-99.314796
-99.001030
-98.977951
-99.602264
-99.711617
-98.811470
-98.902451
-98.795380
-99.426964
-99.439156
-99.694717
-99.124008
-99.250687
-99.325951
-98.662865
-98.678474
-99.122849